rows = 50;
cols = 70;
ubound = 60;
eps = 0.800000;
Y = #[
1: [40, 33, 41, 13, 22, 43, 49, 22, 36, 36, 48, 10, 35, 41, 55, 9, 28, 30, 57, 30, 48, 54, 42, 42, 34, 55, 42, 23, 46, 42, 12, 28, 5, 24, 39, 37, 25, 16, 46, 18, 27, 14, 50, 13, 3, 16, 26, 58, 25, 42, 16, 37, 34, 4, 51, 39, 47, 30, 22, 2, 47, 51, 51, 25, 58, 51, 54, 29, 39, 38],
2: [26, 41, 19, 5, 49, 16, 25, 13, 39, 45, 32, 14, 4, 58, 33, 37, 10, 42, 14, 29, 2, 11, 46, 4, 43, 50, 23, 35, 38, 2, 53, 44, 55, 17, 4, 1, 53, 58, 13, 40, 39, 55, 34, 3, 14, 52, 25, 17, 45, 7, 35, 36, 11, 26, 3, 23, 27, 16, 10, 27, 22, 3, 2, 58, 39, 54, 44, 33, 33, 1],
3: [28, 18, 55, 40, 10, 54, 31, 56, 55, 43, 11, 31, 53, 48, 31, 28, 19, 34, 8, 59, 44, 31, 4, 39, 4, 29, 26, 41, 40, 21, 6, 35, 43, 40, 54, 18, 53, 45, 3, 37, 21, 24, 10, 53, 30, 44, 47, 42, 2, 54, 1, 38, 11, 50, 17, 41, 43, 32, 10, 43, 17, 48, 5, 20, 38, 18, 45, 29, 14, 1],
4: [54, 21, 25, 46, 48, 9, 53, 57, 43, 39, 38, 10, 4, 5, 23, 32, 3, 51, 40, 55, 27, 21, 11, 11, 53, 16, 3, 20, 2, 18, 11, 20, 11, 30, 18, 45, 13, 4, 38, 24, 32, 31, 12, 5, 15, 56, 56, 35, 51, 52, 51, 22, 52, 21, 40, 19, 6, 38, 23, 53, 3, 18, 49, 27, 51, 26, 54, 8, 15, 59],
5: [41, 16, 16, 21, 38, 41, 11, 52, 43, 35, 10, 51, 54, 58, 12, 27, 16, 8, 50, 24, 46, 14, 29, 22, 20, 43, 41, 55, 53, 13, 21, 26, 1, 9, 31, 40, 31, 26, 35, 10, 27, 23, 40, 7, 26, 25, 22, 58, 8, 58, 34, 36, 39, 12, 57, 7, 57, 43, 14, 29, 38, 28, 39, 7, 5, 30, 19, 5, 19, 44],
6: [31, 46, 35, 19, 9, 5, 43, 40, 16, 56, 13, 43, 32, 35, 26, 48, 39, 48, 13, 26, 50, 44, 51, 39, 34, 49, 48, 44, 52, 55, 28, 3, 7, 14, 36, 59, 42, 42, 57, 32, 41, 43, 19, 14, 59, 6, 22, 20, 9, 32, 29, 23, 31, 51, 58, 52, 15, 12, 50, 22, 44, 7, 37, 3, 13, 33, 47, 50, 36, 51],
7: [3, 17, 11, 26, 34, 59, 22, 2, 9, 38, 24, 36, 25, 28, 15, 39, 25, 23, 40, 7, 40, 22, 58, 44, 55, 59, 30, 22, 19, 32, 42, 17, 42, 25, 10, 30, 49, 34, 49, 55, 59, 55, 20, 50, 56, 24, 45, 57, 20, 38, 19, 11, 41, 4, 37, 56, 33, 6, 50, 44, 3, 42, 17, 59, 56, 45, 22, 44, 35, 18],
8: [21, 47, 49, 57, 36, 32, 46, 17, 1, 14, 1, 23, 24, 13, 27, 59, 16, 59, 50, 55, 35, 56, 55, 3, 23, 36, 11, 10, 26, 53, 23, 18, 54, 47, 49, 59, 9, 10, 38, 45, 57, 40, 20, 16, 43, 7, 5, 3, 53, 59, 3, 20, 39, 21, 46, 50, 8, 48, 49, 37, 6, 13, 53, 34, 41, 24, 32, 29, 27, 10],
9: [23, 45, 41, 55, 58, 4, 38, 3, 35, 10, 35, 32, 55, 50, 55, 26, 31, 52, 57, 37, 36, 48, 47, 56, 57, 45, 51, 31, 55, 11, 52, 5, 11, 29, 23, 11, 30, 46, 59, 47, 19, 29, 18, 1, 28, 28, 49, 4, 31, 32, 46, 15, 43, 32, 19, 56, 1, 17, 45, 55, 37, 7, 34, 25, 20, 14, 30, 4, 16, 33],
10: [17, 6, 23, 8, 26, 45, 49, 59, 33, 24, 10, 17, 47, 36, 21, 19, 17, 51, 46, 20, 20, 1, 24, 10, 14, 10, 52, 13, 35, 24, 21, 28, 26, 52, 22, 48, 31, 4, 27, 46, 12, 47, 15, 47, 48, 42, 47, 7, 35, 28, 3, 59, 47, 13, 24, 58, 56, 35, 48, 22, 28, 1, 58, 48, 26, 40, 23, 33, 16, 26],
11: [25, 9, 27, 20, 39, 2, 47, 44, 22, 28, 31, 52, 48, 20, 59, 11, 47, 58, 8, 33, 14, 51, 11, 2, 26, 41, 40, 27, 18, 46, 44, 18, 18, 15, 29, 13, 26, 1, 56, 20, 51, 1, 14, 4, 3, 59, 14, 20, 58, 2, 29, 45, 40, 59, 32, 19, 31, 5, 52, 50, 26, 14, 28, 22, 34, 44, 51, 30, 59, 9],
12: [13, 17, 2, 26, 14, 56, 27, 25, 57, 50, 32, 31, 16, 42, 46, 41, 9, 6, 35, 14, 21, 33, 19, 36, 18, 50, 6, 40, 56, 3, 1, 28, 8, 13, 3, 44, 36, 53, 29, 5, 33, 54, 14, 37, 33, 46, 31, 41, 32, 4, 29, 43, 6, 17, 56, 51, 11, 32, 8, 31, 52, 30, 47, 34, 28, 5, 16, 59, 39, 19],
13: [8, 50, 27, 42, 36, 54, 31, 25, 37, 32, 46, 8, 43, 38, 52, 18, 26, 26, 20, 10, 21, 5, 9, 30, 57, 46, 19, 58, 54, 58, 28, 11, 9, 32, 27, 1, 32, 5, 28, 54, 52, 9, 30, 7, 52, 23, 19, 30, 28, 43, 30, 11, 23, 52, 13, 37, 28, 53, 53, 52, 20, 42, 21, 56, 2, 49, 10, 24, 29, 47],
14: [23, 14, 51, 4, 11, 21, 4, 51, 42, 5, 24, 9, 23, 15, 36, 27, 37, 31, 52, 5, 6, 43, 32, 20, 20, 2, 43, 1, 33, 54, 55, 47, 30, 5, 15, 15, 3, 21, 3, 3, 59, 45, 41, 15, 24, 12, 33, 55, 26, 31, 31, 52, 40, 22, 37, 30, 23, 25, 24, 29, 35, 16, 13, 34, 8, 32, 30, 42, 38, 45],
15: [54, 3, 19, 3, 57, 18, 5, 13, 28, 21, 7, 46, 37, 36, 6, 24, 45, 35, 50, 56, 24, 37, 21, 52, 29, 14, 38, 50, 27, 38, 45, 59, 1, 25, 16, 26, 35, 47, 5, 16, 3, 1, 52, 24, 43, 25, 41, 14, 13, 33, 18, 43, 14, 24, 43, 52, 34, 24, 14, 22, 25, 13, 34, 5, 30, 12, 48, 22, 51, 27],
16: [47, 44, 54, 5, 58, 55, 26, 13, 59, 55, 42, 57, 20, 54, 55, 53, 27, 17, 19, 38, 8, 56, 58, 58, 28, 24, 21, 40, 56, 35, 47, 37, 29, 49, 26, 48, 5, 5, 45, 18, 23, 10, 12, 48, 1, 38, 3, 8, 41, 1, 28, 24, 9, 14, 3, 48, 7, 46, 30, 4, 33, 37, 3, 10, 30, 10, 2, 59, 15, 35],
17: [24, 14, 23, 11, 12, 6, 8, 53, 28, 25, 29, 39, 31, 44, 17, 22, 30, 16, 49, 23, 52, 42, 48, 5, 43, 48, 30, 48, 8, 46, 35, 8, 27, 56, 43, 50, 33, 29, 39, 4, 30, 2, 23, 43, 16, 5, 57, 31, 55, 36, 27, 20, 51, 16, 35, 48, 20, 48, 31, 8, 39, 20, 21, 46, 23, 21, 26, 14, 9, 56],
18: [15, 52, 25, 47, 9, 49, 40, 11, 59, 22, 56, 25, 51, 38, 18, 11, 26, 46, 34, 46, 1, 4, 38, 2, 50, 12, 44, 29, 34, 10, 59, 20, 50, 57, 25, 9, 33, 22, 35, 49, 49, 20, 33, 45, 44, 3, 58, 34, 17, 55, 40, 21, 44, 51, 36, 5, 12, 32, 15, 49, 35, 59, 42, 3, 58, 55, 14, 6, 17, 16],
19: [2, 59, 40, 5, 30, 25, 5, 17, 56, 51, 10, 15, 32, 13, 26, 55, 29, 49, 41, 5, 11, 1, 1, 55, 29, 31, 31, 47, 11, 17, 51, 50, 33, 32, 14, 19, 53, 46, 57, 26, 34, 50, 15, 57, 15, 2, 8, 33, 2, 39, 19, 11, 20, 2, 11, 38, 15, 47, 40, 36, 51, 29, 2, 45, 9, 29, 48, 46, 38, 25],
20: [52, 26, 18, 22, 27, 15, 42, 22, 9, 48, 2, 51, 55, 6, 53, 1, 26, 50, 37, 56, 18, 10, 24, 16, 14, 22, 48, 39, 6, 4, 3, 57, 38, 1, 22, 58, 3, 50, 12, 2, 41, 47, 37, 45, 14, 51, 22, 38, 37, 41, 12, 45, 5, 43, 29, 6, 16, 59, 4, 55, 2, 50, 44, 3, 29, 59, 45, 51, 12, 33],
21: [38, 15, 56, 17, 3, 5, 15, 10, 20, 21, 48, 17, 52, 34, 35, 30, 17, 7, 54, 54, 29, 39, 45, 20, 28, 24, 36, 33, 7, 6, 18, 9, 50, 21, 58, 41, 31, 32, 1, 15, 53, 29, 17, 57, 14, 11, 22, 16, 2, 30, 11, 46, 44, 11, 15, 11, 28, 58, 26, 40, 49, 47, 19, 12, 34, 26, 56, 24, 39, 7],
22: [56, 5, 21, 17, 25, 6, 38, 10, 46, 46, 7, 40, 27, 19, 18, 51, 22, 43, 13, 29, 4, 55, 29, 38, 31, 19, 2, 31, 55, 44, 3, 19, 15, 11, 50, 47, 7, 3, 44, 33, 23, 23, 23, 17, 3, 21, 45, 30, 53, 2, 1, 29, 43, 22, 5, 18, 58, 29, 50, 2, 57, 16, 17, 55, 35, 1, 45, 12, 25, 59],
23: [46, 26, 1, 16, 56, 6, 36, 33, 1, 3, 30, 50, 26, 53, 2, 16, 34, 47, 5, 6, 8, 23, 45, 45, 7, 36, 15, 7, 6, 7, 38, 7, 17, 30, 19, 35, 57, 15, 39, 54, 42, 25, 25, 40, 32, 56, 50, 5, 18, 5, 57, 49, 26, 50, 35, 34, 1, 8, 22, 34, 34, 50, 5, 2, 24, 20, 48, 15, 50, 24],
24: [42, 20, 4, 55, 20, 23, 23, 1, 56, 35, 3, 35, 26, 29, 51, 29, 41, 27, 55, 43, 31, 53, 46, 37, 13, 56, 6, 30, 38, 31, 39, 31, 49, 39, 54, 47, 51, 8, 10, 2, 45, 51, 13, 52, 21, 16, 17, 14, 3, 45, 8, 34, 13, 50, 49, 15, 45, 25, 44, 49, 8, 27, 12, 45, 51, 17, 7, 1, 46, 30],
25: [6, 19, 8, 42, 34, 3, 56, 10, 28, 10, 30, 4, 16, 20, 56, 33, 51, 7, 7, 4, 19, 58, 41, 48, 40, 25, 15, 18, 26, 13, 32, 24, 10, 1, 58, 38, 40, 38, 5, 51, 15, 26, 29, 5, 39, 48, 54, 41, 13, 3, 19, 55, 53, 59, 18, 49, 54, 38, 3, 12, 46, 24, 23, 58, 1, 26, 43, 27, 59, 48],
26: [44, 36, 39, 18, 53, 14, 1, 34, 28, 56, 51, 30, 1, 24, 35, 8, 20, 47, 46, 8, 41, 14, 9, 59, 51, 20, 45, 27, 3, 21, 2, 39, 58, 38, 33, 55, 20, 34, 28, 55, 31, 58, 30, 31, 20, 40, 3, 24, 7, 38, 14, 24, 56, 39, 14, 5, 5, 33, 3, 14, 58, 24, 25, 5, 38, 41, 4, 5, 50, 57],
27: [6, 39, 12, 8, 30, 51, 43, 42, 25, 13, 6, 31, 55, 39, 21, 16, 6, 57, 28, 10, 6, 39, 44, 8, 5, 45, 26, 55, 58, 20, 16, 39, 16, 17, 2, 40, 4, 24, 1, 39, 16, 42, 16, 14, 51, 41, 28, 35, 36, 54, 21, 22, 15, 18, 4, 54, 39, 30, 26, 32, 35, 52, 1, 50, 42, 42, 56, 55, 54, 34],
28: [18, 3, 57, 15, 24, 59, 32, 28, 1, 25, 22, 9, 44, 16, 15, 20, 47, 46, 16, 27, 37, 36, 33, 13, 29, 33, 33, 56, 39, 10, 13, 36, 7, 3, 38, 52, 29, 17, 47, 57, 2, 52, 26, 48, 24, 58, 36, 25, 12, 43, 14, 7, 36, 3, 7, 44, 25, 27, 50, 7, 48, 28, 55, 57, 53, 3, 12, 26, 29, 7],
29: [5, 41, 5, 40, 34, 26, 13, 6, 13, 34, 26, 45, 30, 57, 10, 37, 32, 6, 39, 7, 48, 46, 31, 37, 46, 17, 48, 36, 36, 12, 19, 19, 27, 16, 49, 55, 14, 29, 38, 57, 52, 10, 9, 21, 13, 37, 39, 12, 50, 48, 49, 8, 38, 34, 45, 12, 1, 36, 26, 41, 15, 49, 57, 14, 38, 9, 22, 23, 29, 44],
30: [19, 25, 15, 32, 8, 58, 12, 22, 35, 25, 1, 55, 2, 47, 39, 49, 34, 4, 25, 49, 28, 26, 46, 17, 27, 35, 32, 21, 43, 23, 30, 24, 17, 31, 57, 12, 56, 35, 14, 45, 40, 19, 40, 2, 37, 12, 38, 17, 26, 58, 23, 16, 3, 41, 43, 40, 36, 23, 55, 8, 1, 32, 20, 4, 41, 44, 31, 41, 22, 50],
31: [48, 37, 7, 47, 3, 36, 29, 37, 33, 16, 38, 9, 45, 6, 13, 26, 38, 15, 19, 52, 48, 8, 15, 25, 30, 53, 58, 48, 57, 6, 42, 17, 25, 28, 2, 54, 40, 24, 21, 4, 53, 50, 32, 52, 24, 55, 29, 45, 44, 26, 47, 19, 35, 50, 26, 32, 13, 2, 9, 12, 56, 46, 30, 30, 51, 6, 52, 39, 54, 55],
32: [46, 17, 58, 21, 29, 41, 42, 52, 24, 46, 20, 22, 19, 33, 23, 2, 15, 1, 7, 41, 14, 2, 36, 35, 43, 20, 13, 30, 51, 35, 49, 7, 1, 49, 39, 40, 23, 23, 16, 38, 56, 18, 35, 45, 14, 37, 34, 28, 12, 47, 22, 26, 35, 57, 8, 9, 11, 28, 29, 25, 23, 9, 4, 57, 33, 48, 2, 16, 4, 27],
33: [44, 22, 17, 14, 37, 52, 5, 34, 52, 13, 17, 17, 4, 25, 42, 11, 35, 36, 9, 47, 43, 12, 10, 11, 40, 17, 55, 15, 22, 13, 46, 5, 30, 24, 28, 41, 14, 6, 16, 27, 26, 49, 15, 24, 13, 10, 47, 38, 12, 48, 25, 15, 23, 56, 24, 26, 2, 11, 4, 47, 35, 34, 5, 20, 34, 41, 30, 34, 59, 50],
34: [39, 38, 52, 38, 51, 8, 58, 31, 34, 37, 18, 33, 10, 16, 34, 40, 45, 39, 9, 11, 22, 18, 34, 52, 15, 5, 7, 45, 21, 56, 11, 40, 54, 18, 37, 39, 25, 33, 28, 33, 32, 53, 29, 58, 2, 22, 50, 15, 15, 1, 42, 51, 54, 37, 30, 55, 36, 42, 36, 54, 29, 59, 6, 20, 36, 3, 15, 40, 23, 39],
35: [54, 30, 46, 25, 36, 15, 26, 24, 55, 56, 13, 25, 55, 28, 37, 41, 32, 33, 41, 34, 32, 42, 33, 58, 53, 41, 8, 56, 34, 50, 40, 41, 1, 40, 5, 34, 54, 19, 13, 17, 19, 9, 10, 47, 18, 37, 43, 39, 1, 29, 59, 18, 41, 55, 30, 12, 41, 18, 59, 24, 14, 39, 52, 18, 40, 25, 46, 44, 23, 21],
36: [8, 34, 5, 53, 32, 51, 38, 38, 36, 25, 26, 55, 23, 12, 22, 9, 3, 15, 38, 10, 35, 31, 9, 58, 50, 7, 37, 47, 51, 11, 54, 54, 51, 5, 14, 52, 29, 8, 59, 27, 41, 42, 8, 17, 45, 6, 14, 28, 27, 2, 41, 13, 50, 44, 20, 13, 18, 2, 5, 3, 41, 42, 43, 54, 20, 47, 39, 2, 37, 51],
37: [23, 44, 31, 30, 44, 20, 21, 46, 32, 2, 7, 25, 12, 42, 6, 33, 16, 12, 57, 40, 17, 30, 36, 1, 57, 50, 29, 44, 10, 40, 29, 14, 46, 51, 19, 40, 14, 58, 21, 31, 57, 10, 47, 2, 23, 51, 5, 28, 33, 44, 51, 53, 52, 27, 10, 35, 24, 8, 47, 53, 45, 34, 27, 6, 13, 19, 8, 28, 18, 41],
38: [42, 21, 36, 32, 5, 44, 1, 10, 19, 30, 32, 20, 45, 2, 56, 6, 20, 48, 36, 59, 56, 55, 43, 53, 11, 34, 57, 52, 38, 56, 59, 21, 37, 20, 46, 36, 16, 49, 52, 13, 41, 7, 24, 54, 22, 8, 39, 25, 25, 18, 29, 26, 31, 6, 57, 17, 1, 30, 59, 49, 20, 56, 34, 18, 21, 5, 17, 8, 38, 54],
39: [23, 41, 31, 10, 2, 50, 52, 32, 59, 2, 33, 43, 27, 11, 50, 30, 36, 11, 46, 2, 25, 37, 57, 48, 4, 41, 44, 35, 24, 5, 38, 11, 1, 1, 21, 50, 40, 48, 57, 48, 49, 57, 30, 38, 1, 31, 42, 45, 40, 3, 3, 35, 6, 23, 32, 46, 31, 56, 38, 42, 38, 11, 4, 23, 5, 13, 54, 45, 50, 7],
40: [43, 58, 55, 48, 11, 17, 1, 16, 52, 16, 31, 20, 55, 38, 55, 23, 7, 52, 24, 19, 14, 38, 49, 44, 34, 30, 14, 32, 25, 35, 48, 52, 2, 23, 29, 56, 50, 3, 8, 11, 53, 1, 19, 26, 20, 12, 31, 6, 17, 37, 34, 56, 46, 10, 44, 14, 39, 45, 26, 59, 38, 32, 5, 27, 8, 9, 55, 45, 55, 42],
41: [9, 19, 2, 54, 29, 16, 12, 46, 30, 10, 32, 32, 12, 39, 21, 42, 21, 34, 44, 27, 13, 35, 26, 33, 26, 4, 39, 11, 49, 10, 8, 19, 15, 43, 52, 10, 47, 28, 26, 41, 52, 13, 23, 2, 5, 7, 51, 53, 53, 36, 14, 10, 34, 21, 31, 8, 49, 36, 55, 46, 6, 49, 25, 7, 52, 44, 31, 15, 24, 13],
42: [57, 3, 7, 50, 7, 23, 33, 52, 30, 49, 34, 14, 51, 44, 21, 44, 38, 13, 57, 40, 22, 57, 24, 31, 4, 51, 10, 29, 55, 59, 56, 26, 51, 36, 38, 3, 32, 39, 13, 50, 5, 10, 24, 7, 27, 23, 55, 46, 49, 57, 47, 55, 31, 39, 52, 46, 25, 42, 22, 57, 17, 47, 42, 38, 49, 41, 2, 57, 24, 47],
43: [57, 26, 9, 48, 39, 50, 18, 34, 36, 26, 33, 41, 46, 40, 18, 22, 10, 50, 22, 50, 44, 36, 21, 21, 39, 32, 2, 21, 43, 58, 23, 36, 26, 10, 4, 30, 54, 40, 19, 54, 46, 53, 43, 50, 19, 57, 5, 23, 44, 21, 9, 11, 57, 24, 35, 1, 33, 57, 52, 1, 8, 46, 22, 19, 4, 46, 13, 15, 7, 33],
44: [38, 20, 39, 8, 53, 1, 16, 17, 46, 12, 57, 7, 5, 3, 41, 58, 14, 55, 1, 17, 57, 46, 34, 22, 42, 17, 52, 40, 37, 51, 39, 9, 46, 51, 35, 37, 17, 49, 1, 5, 28, 19, 29, 28, 55, 32, 23, 22, 45, 40, 33, 56, 44, 46, 35, 53, 17, 56, 15, 7, 48, 6, 26, 52, 34, 51, 28, 53, 28, 12],
45: [20, 29, 37, 24, 12, 31, 20, 23, 53, 48, 45, 22, 14, 59, 45, 12, 52, 17, 6, 36, 32, 18, 8, 24, 36, 43, 10, 34, 36, 27, 13, 51, 22, 46, 27, 59, 37, 36, 35, 38, 57, 54, 39, 41, 33, 41, 11, 26, 26, 2, 24, 15, 25, 7, 59, 6, 39, 17, 17, 14, 40, 50, 19, 48, 25, 17, 49, 28, 36, 7],
46: [18, 51, 6, 45, 6, 45, 50, 28, 45, 38, 39, 2, 2, 18, 7, 14, 23, 30, 7, 19, 13, 50, 49, 49, 36, 6, 47, 37, 38, 29, 8, 41, 42, 34, 59, 19, 24, 33, 30, 28, 28, 59, 36, 49, 18, 55, 7, 46, 35, 18, 30, 30, 55, 57, 12, 1, 5, 13, 25, 13, 12, 34, 7, 48, 36, 35, 20, 22, 29, 33],
47: [40, 11, 33, 46, 26, 23, 22, 10, 41, 14, 22, 56, 59, 48, 47, 48, 14, 26, 1, 10, 21, 2, 58, 48, 43, 15, 6, 15, 11, 26, 15, 24, 14, 51, 9, 28, 33, 23, 36, 17, 3, 3, 43, 18, 3, 15, 36, 46, 4, 19, 52, 51, 37, 13, 29, 47, 41, 28, 47, 42, 4, 15, 39, 34, 47, 17, 48, 5, 53, 35],
48: [55, 16, 19, 3, 13, 16, 2, 37, 55, 1, 16, 26, 41, 11, 17, 22, 49, 32, 12, 48, 17, 51, 43, 38, 19, 10, 15, 37, 58, 54, 8, 48, 17, 49, 41, 50, 28, 5, 52, 5, 7, 16, 50, 19, 3, 6, 43, 28, 18, 49, 51, 19, 33, 58, 3, 28, 20, 13, 31, 46, 53, 57, 48, 32, 12, 29, 13, 21, 24, 16],
49: [21, 1, 15, 52, 42, 54, 9, 25, 14, 21, 57, 11, 10, 28, 31, 10, 51, 58, 55, 14, 1, 51, 42, 59, 20, 54, 11, 30, 27, 3, 9, 48, 45, 46, 49, 25, 3, 4, 38, 22, 13, 2, 8, 35, 45, 26, 32, 41, 21, 33, 31, 4, 5, 30, 24, 30, 29, 43, 24, 8, 5, 37, 36, 47, 18, 3, 46, 36, 8, 48],
50: [25, 39, 52, 9, 18, 57, 18, 48, 27, 22, 44, 52, 41, 31, 17, 29, 4, 53, 13, 6, 24, 29, 14, 11, 14, 1, 51, 35, 26, 7, 29, 32, 6, 14, 23, 29, 28, 45, 55, 58, 47, 14, 58, 43, 21, 34, 44, 55, 9, 24, 44, 37, 49, 30, 20, 2, 39, 23, 33, 32, 17, 43, 1, 31, 14, 37, 7, 21, 14, 38]
]#;
M = #[
1: [-13801, 2845, -16745, 39927, 19077, -22545, -31733, 29915, -6726, -852, -28920, 54627, -2475, -16804, -53325, 55805, 15873, 10160, -51795, 5192, -32301, -36653, -15080, -20185, 612, -47357, -11651, 23480, -23025, -18477, 42963, 13149, 61403, 21751, -8213, -4698, 19187, 35108, -30048, 34682, 15530, 40687, -39257, 40526, 64676, 36342, 18886, -48550, 17523, -18262, 39260, -7881, -713, 59457, -36429, -9203, -27185, 7850, 22986, 65833, -26132, -30561, -29875, 20896, -57039, -34096, -47817, 10642, -11002, -8798],
2: [6440, -26591, 19763, 40231, -46543, 22092, 6757, 29445, -24866, -41620, -7791, 29330, 49504, -60179, -11070, -23407, 35896, -28899, 32328, -1781, 51907, 30209, -37339, 50737, -32137, -48962, 7775, -15397, -21745, 54743, -49277, -33699, -59451, 20709, 46376, 52670, -52074, -60732, 33303, -29310, -21305, -60397, -18120, 48543, 31290, -54774, 4639, 18345, -29418, 41666, -23888, -11298, 40786, 3292, 49739, 8452, 9, 25769, 37545, 3649, 12785, 53344, 43175, -63126, -22623, -51392, -35618, -6782, -13673, 48451],
3: [5571, 28082, -51471, -19372, 44705, -47138, 725, -56610, -53094, -26624, 44263, -883, -48272, -31309, -2130, 4601, 23700, -6783, 49268, -50298, -24529, 4171, 55044, -15639, 57049, 6088, 10558, -20402, -18664, 22452, 51544, -9615, -27437, -16667, -43937, 22419, -47125, -22728, 62300, -12132, 22353, 16753, 50318, -44852, 1699, -26984, -33369, -26049, 52737, -41530, 62455, -15186, 45027, -34542, 21764, -20880, -29815, -1387, 43047, -25455, 32127, -34961, 47566, 22635, -12380, 24878, -33002, 6730, 45190, 54859],
4: [-59461, 13175, 8299, -28871, -38896, 40500, -48785, -61410, -31269, -18746, -16494, 41562, 52296, 44671, 13102, -6301, 52059, -45488, -18032, -36610, 2525, 12584, 42812, 40258, -59310, 28273, 50309, 19251, 54457, 25509, 30951, 17410, 38275, -1799, 23420, -28138, 34466, 45475, -20727, 13555, -5764, 2987, 43670, 45062, 30379, -56693, -65686, -9641, -40125, -42974, -45037, 15233, -52724, 15115, -19251, 21733, 49042, -17782, 13556, -53969, 53374, 20182, -36660, 3031, -55557, 5446, -55029, 38741, 33432, -57097],
5: [-28076, 28757, 28328, 17690, -22574, -26338, 40292, -51802, -27109, -9656, 42079, -48972, -50600, -61304, 41836, 4137, 25147, 43237, -46483, 10650, -33151, 28225, -2105, 15873, 20337, -26895, -21042, -55026, -47774, 38715, 17802, 5469, 62961, 48416, -2128, -17871, -6167, 5973, -14587, 39704, 6872, 12348, -25510, 40952, 3073, 4669, 17662, -61058, 42098, -55833, -7814, -16489, -22150, 33059, -52986, 45358, -54319, -25091, 32569, 480, -15792, 5112, -20635, 48284, 53674, 1745, 21809, 48783, 23614, -26939],
6: [7116, -28422, -4627, 30329, 46610, 54659, -21838, -18984, 38552, -46338, 44168, -20524, 3160, -2559, 18332, -37865, -10121, -29211, 40431, 13050, -33850, -23352, -40489, -11668, -2076, -35241, -29617, -19158, -35645, -48571, 11550, 67986, 56000, 44239, -2555, -49941, -17416, -18864, -53803, -1678, -18088, -16595, 34414, 35334, -53620, 55291, 25359, 28636, 47146, -1268, 10026, 18848, 5196, -37769, -47915, -39932, 39684, 36348, -34647, 25246, -26410, 55630, -2220, 64626, 42844, 1124, -31539, -31081, -12233, -27816],
7: [65512, 35041, 48849, 11556, 406, -52890, 19640, 66677, 50396, -12174, 19097, -7623, 19109, 9998, 41751, -16328, 15273, 21206, -13374, 41246, -16618, 20666, -57562, -27596, -47097, -56852, 5507, 24870, 23185, 130, -18369, 34552, -16735, 14386, 43799, 7871, -33140, -530, -36433, -47267, -58168, -46865, 29540, -32048, -48044, 14932, -28478, -51250, 25694, -7382, 25006, 44921, -16290, 56670, -10389, -47082, -2604, 57354, -36795, -21842, 62236, -17718, 24141, -52658, -52501, -25213, 23964, -22304, -6747, 28074],
8: [20414, -34450, -40585, -49327, -10776, 3115, -34745, 31573, 67898, 37536, 67979, 16284, 19589, 40462, 9082, -63139, 30079, -56363, -40039, -40624, -10943, -45772, -49384, 62578, 17887, -10763, 36686, 48827, 11591, -51590, 17959, 29005, -48308, -36248, -34061, -52685, 45265, 37581, -14725, -28716, -57828, -16527, 25564, 30449, -20152, 52576, 53305, 59196, -41167, -53974, 58560, 24342, -17208, 17716, -30797, -41301, 50441, -35291, -37307, -10515, 51140, 38672, -41254, -9429, -23051, 16865, -1371, 3827, 8819, 39713],
9: [22634, -26045, -19190, -40965, -55815, 62763, -11608, 62455, -6319, 48622, -8100, 1257, -46048, -32250, -47582, 13316, 356, -35599, -50731, -7164, -6645, -29005, -28708, -50646, -59927, -26996, -36537, 489, -45865, 48406, -39281, 59510, 45673, 9454, 16452, 40599, 5136, -28036, -60266, -27455, 24710, 8294, 33070, 56304, 9825, 10948, -33985, 57412, 4506, 637, -29852, 37732, -23494, -3171, 34165, -48279, 67954, 27614, -29423, -48443, -10609, 49469, -2110, 15466, 27958, 40711, 8794, 55495, 37579, -1605],
10: [28195, 52524, 12309, 42847, 6402, -32120, -44925, -62832, -2811, 11513, 43873, 26618, -34301, -12250, 22163, 21362, 26058, -42361, -28946, 13018, 23462, 55398, 11389, 39490, 33536, 38848, -43976, 36286, -8418, 12662, 19635, 3913, 8703, -46618, 14981, -31618, -5862, 46807, 6080, -35913, 38792, -33437, 34755, -33924, -36286, -27675, -38187, 46972, -8623, 4165, 53327, -60127, -40055, 35564, 7454, -55496, -54140, -9606, -40126, 12465, 362, 59461, -56498, -42831, 12112, -18068, 16396, -7059, 33970, 10072],
11: [10607, 43336, 4613, 17351, -18115, 56688, -36523, -34555, 15643, 2415, -2510, -52444, -39410, 15879, -67038, 39921, -35359, -57320, 49583, -5112, 30902, -40886, 40409, 61098, 4772, -22755, -24782, 10267, 21820, -34096, -27992, 24464, 22222, 32506, 683, 34823, 8042, 57647, -64984, 22017, -45581, 57412, 37817, 51145, 53158, -60279, 31775, 20851, -56264, 51720, -43, -28612, -22529, -62354, -5540, 16582, -2080, 41837, -48872, -42320, 1049, 31018, 6490, 19098, -10119, -26623, -48151, -2897, -71382, 38520],
12: [35405, 23883, 60867, 4919, 28548, -55821, 2331, 10141, -60634, -46310, -7361, -2690, 24565, -27089, -44310, -27589, 40933, 44714, -12446, 28017, 15778, -11052, 13778, -19052, 23097, -53697, 47290, -26640, -51214, 56270, 52509, 1291, 44546, 30840, 51014, -31133, -11666, -49027, -4026, 46726, -8031, -54312, 31903, -19409, -7188, -40949, -6608, -26947, -5312, 43864, -2393, -29310, 53075, 24520, -52647, -43332, 38439, -7551, 44752, -5774, -48315, -2636, -33995, -12950, -2440, 48461, 28808, -62257, -25049, 19074],
13: [52466, -39276, 4898, -20808, -9901, -44077, -1619, 8353, -12926, -979, -32130, 52855, -30234, -14764, -43255, 29795, 7328, 9555, 20407, 38665, 18246, 48994, 44825, 6646, -58024, -32196, 23442, -60456, -45439, -60760, 8284, 41174, 46169, -1422, 5726, 57927, 2458, 51143, 9359, -45120, -46377, 44514, 1616, 49604, -48128, 17623, 27350, -2376, 2996, -24551, 2245, 42549, 16807, -40790, 34851, -14740, 7602, -45273, -49099, -45374, 19414, -17315, 20882, -48957, 69881, -37940, 46309, 14653, 5927, -30596],
14: [8908, 28442, -55052, 41648, 33810, 14490, 50673, -53199, -29395, 46179, 9639, 45142, 8447, 22330, -19522, -3162, -17880, -10609, -57081, 39015, 43371, -33645, -7697, 14950, 17634, 54171, -32805, 50310, -13882, -59039, -54411, -39181, -6612, 49280, 23009, 20525, 46503, 13149, 52129, 45177, -71418, -41162, -36032, 23980, 7150, 33569, -18196, -53865, -2130, -7185, -9236, -47497, -26532, 9553, -20501, -7362, 8186, 2233, 8754, -4075, -16496, 24919, 27252, -16009, 43090, -10783, -6120, -30434, -28582, -31045],
15: [-56643, 54247, 20953, 49492, -58933, 19470, 48245, 36883, -444, 12789, 44648, -36395, -20642, -20775, 49668, 8129, -32732, -14089, -47370, -46526, 15302, -17063, 19090, -47743, -1351, 30755, -17009, -48701, 2496, -20663, -36664, -63969, 57580, 10262, 25855, 2051, -13745, -39297, 53255, 23280, 55836, 55363, -57611, 4170, -30790, 7793, -25024, 29306, 32928, -8144, 20236, -33212, 31800, 9611, -27694, -44651, -10948, 5929, 32220, 12691, 4121, 30522, -9275, 48005, -3960, 31297, -46913, 13349, -53447, -1175],
16: [-36865, -31642, -53151, 49744, -58826, -47062, 12892, 37799, -62728, -52296, -25151, -58228, 13993, -50157, -57980, -47572, 12523, 27098, 19736, -13189, 48340, -52315, -60016, -61143, 112, 8619, 19400, -22096, -42046, -13021, -38582, -10562, 2953, -44752, 9018, -34771, 51641, 44786, -33558, 24618, 14527, 36652, 40090, -34199, 62969, -15855, 62127, 43530, -17140, 53443, 5002, 14762, 46441, 33933, 52189, -35760, 49492, -35276, 2343, 54930, -4618, -18847, 51189, 40223, 3089, 40094, 62778, -57606, 35203, -11682],
17: [12568, 32816, 14681, 36793, 37356, 47402, 46033, -49045, 2252, 10079, 1598, -18160, -2549, -31408, 28484, 18346, -1436, 29079, -38748, 9237, -43505, -25809, -40455, 50238, -32671, -38254, 2836, -42648, 40929, -35741, -12495, 44632, 5050, -58015, -25533, -40254, -6308, -506, -21287, 51533, -392, 61446, 14515, -25541, 26405, 49794, -59509, -4896, -47995, -11004, 5395, 18453, -49483, 24173, -9928, -36386, 18526, -37148, -7516, 43557, -24248, 17005, 13049, -31229, 13455, 18713, 9440, 31431, 47830, -49137],
18: [36793, -41338, 16196, -28472, 46830, -28660, -18779, 39576, -56428, 23739, -52968, 14401, -37252, -13981, 35707, 45794, 8871, -26045, -4688, -23919, 66056, 52700, -12653, 62161, -37644, 46499, -23467, 8176, -7921, 45218, -48088, 23560, -33329, -54352, 14231, 45586, -4630, 19255, -1396, -27777, -34849, 26119, -586, -25677, -24776, 61006, -56374, -3273, 26563, -37546, -13062, 18431, -30687, -37605, -5201, 52204, 44058, 3167, 32417, -33525, -6642, -55740, -21342, 63135, -59519, -44067, 38020, 53537, 39412, 31917],
19: [63234, -67310, -25262, 44114, 75, 8628, 54052, 22207, -60926, -47712, 41832, 31135, -10851, 34728, 5569, -61530, -1153, -42332, -30104, 39249, 39977, 48941, 58059, -58042, 124, -4421, 351, -40549, 36290, 22337, -44731, -42512, -5884, -9661, 28902, 17111, -50967, -33131, -63457, 4823, -16710, -47808, 29006, -54299, 26612, 55071, 45849, -10277, 45572, -18545, 13197, 32907, 20271, 51784, 32054, -17420, 25415, -36914, -24321, -13393, -46330, -3735, 46750, -32950, 45465, -1076, -42780, -33187, -23581, 6143],
20: [-52071, 3675, 28360, 15729, 7375, 27853, -27192, 13783, 43778, -37604, 57594, -51441, -52001, 46483, -57774, 66252, 5198, -50748, -18406, -48207, 25000, 41987, 8818, 27046, 31309, 17440, -39757, -16857, 43639, 55496, 50950, -56145, -20589, 63468, 13248, -54495, 53263, -42122, 33836, 58163, -25252, -38950, -15606, -28010, 33262, -49494, 15440, -11561, -15049, -21333, 35178, -33956, 54265, -23280, 1918, 45524, 23969, -59630, 54818, -54870, 59320, -42574, -31588, 56487, 1927, -56941, -37360, -41509, 44065, -6359],
21: [-23585, 29056, -62860, 18953, 51558, 45567, 25006, 37483, 17482, 17617, -42059, 23752, -48192, -12079, -22619, -8144, 20735, 43254, -57026, -51222, -980, -17245, -33685, 13222, 314, 12277, -9784, -12072, 39169, 45730, 17308, 44614, -47743, 17633, -61500, -24878, -11303, -7078, 63052, 28247, -56288, -1246, 26681, -56587, 30646, 33375, 15111, 24853, 46114, -5658, 35831, -37204, -37811, 35514, 23755, 33727, -4522, -59230, 1039, -25532, -41963, -39169, 12881, 35256, -17602, 4624, -61336, 7837, -25449, 37361],
22: [-66850, 46957, 10599, 21176, 6106, 41019, -23035, 40254, -41257, -37835, 41375, -31206, 4015, 16048, 16040, -58888, 10000, -31930, 32261, -5153, 46653, -60123, -3712, -23597, -7648, 15307, 49868, -14732, -49298, -37992, 43782, 13337, 25539, 36902, -44381, -39095, 39320, 45959, -40169, -10333, 6491, 10240, 10716, 19783, 50650, 12897, -41460, -6666, -44439, 42675, 52028, -3805, -30269, 9882, 40515, 19056, -62844, -3819, -48783, 50824, -62819, 17965, 21535, -58649, -20089, 51752, -37529, 25594, 6275, -59702],
23: [-43501, -636, 60459, 21034, -60628, 39566, -19117, -12874, 51649, 45944, -9635, -50923, 1944, -54841, 62967, 23920, -12262, -42260, 51474, 35333, 39905, 2705, -38535, -40869, 46569, -19421, 17618, 46035, 42284, 44013, -23813, 46016, 22143, -6435, 16492, -12973, -63313, 25056, -27465, -58623, -31011, 1410, 9400, -23540, -10747, -63563, -49096, 44833, 20250, 40857, -66616, -42109, 465, -42313, -13964, -14865, 53384, 33584, 11371, -15967, -17862, -48180, 39845, 51707, 6225, 12893, -46234, 19450, -57069, 8656],
24: [-26005, 24276, 57098, -54302, 25774, 18235, 13104, 63057, -53567, -10067, 58150, -9999, 11078, 5782, -48629, -544, -22071, 4904, -55472, -20095, 2842, -42031, -30364, -13110, 40662, -54953, 51547, 4526, -17250, -6298, -18827, 1866, -34327, -21150, -47734, -31759, -43141, 48287, 46231, 58900, -30718, -43972, 37681, -42458, 21774, 35408, 28450, 34526, 55835, -25708, 45512, -3972, 38042, -41826, -34028, 26176, -31045, 9371, -30678, -37776, 47133, 6093, 34235, -30344, -50118, 25413, 51623, 57821, -36721, 3408],
25: [55437, 20097, 46356, -23833, -11788, 51401, -58687, 40343, 830, 39863, -5198, 61540, 28125, 23978, -64841, -10188, -45106, 40733, 49479, 40752, 19129, -52944, -25859, -40253, -22318, 7341, 25388, 19263, 7170, 38915, -4588, 8705, 33050, 65376, -58951, -19809, -21866, -15801, 53787, -48771, 28102, 6076, 373, 48491, -17513, -39109, -53694, -22677, 31398, 45245, 19511, -46610, -49730, -55262, 22942, -41122, -55290, -18820, 53348, 35721, -36910, 13836, 15113, -61961, 65145, 4528, -29123, -3734, -69939, -34325],
26: [-35349, -13329, -21591, 22134, -48626, 25484, 62111, -10154, 4927, -62183, -48738, -594, 55487, 9465, -9209, 50511, 19085, -37142, -34778, 34531, -24554, 25801, 47231, -66678, -47783, 18763, -30378, 4897, 52916, 17720, 52143, -21753, -60967, -23463, -11847, -45072, 17555, -8467, 5501, -53575, -4684, -57652, -164, -5011, 18558, -26522, 61124, 7429, 42016, -16913, 28524, 10902, -61515, -20691, 30062, 50007, 50065, -7008, 52689, 33430, -57430, 6622, 7095, 47934, -22510, -26592, 56630, 47058, -49446, -51091],
27: [55184, -20613, 38494, 42075, -3681, -43823, -30272, -29075, 8743, 31204, 48346, -4700, -52426, -20187, 19326, 28564, 48141, -58839, 979, 31386, 44936, -19488, -36598, 49171, 54394, -34952, 636, -55572, -54560, 23038, 27399, -17723, 29057, 27504, 55341, -20979, 53320, 10822, 63968, -24876, 30883, -29125, 31585, 32783, -43037, -27489, 3446, -9617, -12782, -46053, 15690, 14271, 38060, 23149, 47613, -50457, -21022, -51, 11182, -2994, -11722, -41666, 53109, -42372, -26185, -25587, -58755, -49380, -57218, -8100],
28: [23244, 56599, -61370, 28548, 10422, -64046, -6980, 4612, 59487, 7052, 15151, 39424, -26641, 26868, 30015, 22348, -39530, -34943, 32485, -5827, -20649, -10566, -14637, 31827, -279, -9666, -4994, -59852, -19948, 41911, 30578, -15781, 44914, 59565, -23282, -45969, -2087, 24856, -42482, -55840, 58144, -46690, 10204, -41857, 9882, -65715, -14957, 4713, 32489, -29454, 30468, 38813, -16351, 52166, 40739, -28158, 6239, 9541, -43877, 45459, -42625, 800, -52240, -60229, -56795, 50024, 39794, 3860, 1692, 38793],
29: [55265, -25057, 56860, -16181, -6909, 8396, 35090, 49754, 36815, -6547, 4383, -30869, 1039, -55493, 47004, -13985, -9470, 51498, -20568, 35028, -40778, -30481, -9297, -16743, -39208, 24559, -39126, -12408, -10548, 39084, 22043, 19301, 6433, 27707, -39793, -45705, 36458, 893, -17914, -53856, -50497, 41443, 50915, 15058, 32957, -19467, -21762, 34898, -40193, -34193, -37706, 43444, -21710, -11322, -26570, 34179, 62066, -12058, 7704, -24152, 29222, -41967, -53768, 32517, -22477, 39108, 16713, 10288, 49, -26401],
30: [21972, 6793, 30786, -4814, 43216, -59384, 36930, 12302, -12233, 9418, 59667, -54102, 59292, -35257, -24230, -49447, -10608, 51432, 6263, -33123, 4098, 6894, -36640, 28820, 3122, -11921, -4590, 20015, -27727, 9019, 251, 9443, 24544, -3804, -52126, 32759, -50319, -8966, 34329, -36100, -23391, 20928, -26979, 51470, -18919, 37094, -21247, 23211, 7140, -51015, 15467, 28601, 56405, -24211, -29327, -25318, -15248, 13137, -51040, 46463, 57383, -4628, 17339, 51829, -26086, -32813, -8991, -19532, 13845, -37034],
31: [-36854, -12317, 56692, -30251, 61343, -7176, 2224, -14283, -5458, 36365, -14631, 51170, -26495, 51444, 43540, 15624, -14973, 32495, 30224, -31066, -35696, 41886, 32886, 15592, 3881, -46669, -47796, -35553, -47320, 58612, -20578, 37021, 14673, 6015, 56131, -46132, -17563, 21548, 24967, 58841, -42482, -36906, 4307, -39120, 18761, -48737, 5951, -20324, -22257, 8513, -30919, 23205, -8576, -35027, 16657, 1876, 37206, 55836, 44548, 44388, -49154, -31815, 5725, 5107, -50139, 51501, -45120, -12388, -52994, -41703],
32: [-42979, 21752, -67302, 14518, -3679, -27608, -30465, -55488, 10484, -38209, 18177, 11108, 14907, -12697, 13725, 59206, 28030, 49473, 44877, -23769, 28265, 49013, -17386, -15415, -37165, 15591, 27273, -6002, -46925, -15692, -43095, 44063, 54388, -46940, -27186, -22325, 5680, 8551, 30996, -22496, -60044, 22108, -16363, -34304, 27914, -20927, -14555, -2669, 32841, -38825, 10905, 7003, -17271, -58228, 38198, 35072, 33172, 545, -6076, 3282, 8583, 38689, 43168, -62837, -9433, -41868, 58552, 24288, 56263, 1863],
33: [-38036, 10523, 22966, 23835, -19375, -49121, 52145, -21669, -55520, 28253, 18729, 27240, 42749, 2612, -31643, 33395, -16788, -20781, 36796, -30796, -34922, 24671, 35002, 33526, -33187, 20459, -53698, 26522, 5647, 29004, -35431, 51738, -6444, 4226, -2288, -28017, 28073, 43311, 26372, -2280, 487, -47667, 30693, 3185, 26800, 36510, -47367, -21954, 26951, -39718, 3780, 23603, 5440, -60130, 7963, 1500, 50097, 30373, 45211, -43122, -20270, -16700, 42310, 13851, -18453, -29565, -10531, -14607, -75376, -40116],
34: [-17163, -15969, -43056, -13599, -34426, 50243, -56924, 2764, -4943, -14215, 27374, -4451, 45799, 35387, -6432, -20846, -24817, -16038, 48086, 31787, 21204, 22352, -2432, -45381, 37411, 57363, 46798, -28995, 23457, -55487, 37577, -14273, -45416, 31657, -11915, -17201, 13810, -5749, 5614, -1160, -6468, -44424, 3806, -50370, 61676, 18137, -40863, 34160, 31020, 53819, -22029, -40006, -47480, -8432, 1698, -47576, -10613, -21361, -9797, -50551, 9065, -62689, 48112, 26048, -10809, 58031, 40737, -19350, 20428, -11144],
35: [-43997, 5961, -31692, 16871, -6071, 36759, 11296, 17077, -47226, -46082, 44638, 17961, -50386, 8450, -11163, -19693, 2126, -547, -17662, -3831, 7306, -18842, 4192, -52551, -43704, -15676, 52181, -48222, -1106, -37842, -18358, -16310, 68926, -12147, 59811, -4661, -45228, 28065, 47380, 33191, 30546, 51478, 51770, -26560, 32425, -6283, -22649, -8381, 60992, 8582, -51922, 27885, -17365, -43024, 6576, 44473, -16112, 28199, -51725, 18625, 39335, -13169, -35632, 31672, -16921, 13710, -33309, -21426, 23366, 21771],
36: [46627, -8731, 55870, -39284, -4188, -44216, -19279, -23015, -13917, 11468, 3770, -59221, 11348, 34434, 20127, 51608, 54826, 28288, -20638, 31270, -16838, -6892, 40886, -60067, -45358, 47561, -18607, -35830, -39914, 44383, -43665, -51316, -46142, 49718, 27100, -40218, -1326, 42875, -65513, 6467, -24108, -26315, 54183, 23957, -32656, 48211, 29765, 713, 4998, 51739, -25891, 31666, -42693, -32705, 20708, 28213, 23375, 58188, 47693, 57918, -22685, -27233, -22291, -54335, 20873, -33714, -22409, 52086, -16188, -39488],
37: [18032, -33354, -4645, 93, -31849, 20662, 13242, -38584, -3036, 52688, 46416, 11373, 39013, -28116, 57738, -6070, 23408, 36524, -55747, -17084, 27542, -7998, -12537, 62078, -61104, -43118, -2164, -32477, 36044, -20601, 1322, 34481, -39082, -45681, 18973, -16898, 28755, -57486, 17578, -5218, -59043, 43303, -41179, 52092, 11845, -47036, 56384, 3501, -8830, -29001, -46197, -41710, -50709, 3089, 39991, -10059, 13069, 43487, -36542, -46281, -28444, -11125, 2551, 48138, 36068, 24323, 50432, 3697, 25282, -20461],
38: [-23736, 23486, -8391, -1456, 61328, -24828, 65072, 46914, 25132, 5543, 12, 25907, -25289, 58046, -56703, 60335, 23658, -30310, -16434, -48153, -48831, -45010, -21838, -49590, 45817, -3830, -45327, -45269, -15450, -56451, -53120, 26868, -9422, 26825, -33537, -11311, 35256, -33859, -48643, 43452, -22948, 51200, 16840, -46274, 16404, 51269, -15115, 15089, 8864, 25260, 9699, 6993, -2016, 46192, -49588, 27225, 62805, 994, -56758, -35639, 20522, -52834, -3357, 30707, 18852, 52727, 30214, 49928, -16216, -44770],
39: [14462, -28304, 6382, 41938, 60293, -37600, -42481, -2719, -60713, 62910, -7630, -24019, 8083, 45758, -48387, -2038, -9877, 39833, -34774, 44968, 8917, -13824, -55976, -42629, 55735, -24338, -24551, -12739, 16822, 57976, -16022, 45976, 63102, 66416, 17027, -39028, -20817, -34936, -60532, -41042, -45328, -57846, -1632, -14349, 61324, -3372, -26706, -29985, -21513, 48794, 48918, -6308, 55305, 13046, -1419, -33539, 276, -55112, -18286, -28192, -19147, 38205, 48110, 14852, 59718, 39609, -49666, -31572, -49448, 47643],
40: [-22968, -61249, -56489, -36200, 38587, 27814, 63177, 26047, -46730, 30638, 1791, 26784, -55042, -13079, -57631, 12117, 49131, -45001, 9052, 19535, 33681, -13444, -34076, -28643, -2019, 2331, 32517, -4224, 13014, -10017, -32486, -41991, 63281, 18406, 2711, -50945, -40085, 54657, 52842, 39353, -49511, 57705, 22438, 9679, 22792, 42678, -1583, 54242, 24601, -15428, -9019, -49773, -34131, 41977, -26487, 30697, -17051, -37578, 8334, -58499, -14299, -166, 48039, 6461, 48870, 43732, -52714, -31114, -61032, -17820],
41: [36969, 18650, 57028, -50204, -2028, 25866, 34520, -39536, -2399, 39424, -9014, -7947, 35302, -20720, 11538, -34561, 10105, -7015, -32943, 1260, 29203, -14033, 4966, -11321, 2364, 54488, -24939, 36466, -39489, 39084, 39340, 11460, 27847, -32431, -47854, 37944, -36273, 717, 2671, -22132, -52870, 31983, 8687, 49075, 42107, 44751, -55349, -53494, -49614, -10441, 27388, 36380, -11994, 8762, -9394, 38845, -41987, -13293, -56685, -42022, 44550, -44592, 3389, 43410, -56454, -34966, -7041, 24209, 8566, 29998],
42: [-48207, 67352, 61118, -29972, 61857, 25444, 4253, -34568, 11060, -30843, 3002, 49378, -31200, -19534, 32930, -20791, -5141, 45936, -50724, -3986, 28110, -41124, 21640, 6725, 67975, -38001, 48670, 8271, -42597, -51819, -41900, 15670, -34599, -389, -3552, 60911, 11813, -8010, 45717, -30884, 64245, 51644, 20039, 53801, 18248, 25981, -48526, -22255, -29388, -39489, -22334, -41257, 5174, -6736, -34877, -22768, 22212, -14012, 31401, -48490, 33266, -22774, -9042, -2168, -33976, -13125, 72630, -42826, 25690, -26217],
43: [-61038, 6930, 47943, -31283, -15257, -43406, 23709, -7192, -11537, 8727, -2485, -25836, -33479, -18610, 30149, 20835, 37913, -39473, 18842, -35509, -32626, -12539, 23271, 21732, -12159, -985, 54437, 19566, -20236, -58614, 16059, -12148, 12013, 46478, 53219, 1826, -47373, -18158, 23355, -47281, -32480, -46902, -31014, -39332, 19860, -60764, 56199, 11480, -23086, 18280, 43006, 39545, -58673, 14455, -10207, 59265, -4385, -50518, -45176, 64369, 49172, -31007, 14152, 23269, 59344, -32367, 35551, 35603, 58440, -6079],
44: [-11696, 27943, -18273, 42637, -48656, 63787, 33568, 33633, -31783, 40752, -50892, 58700, 50402, 59933, -20126, -59502, 35815, -48437, 65488, 26232, -51482, -26876, -5076, 19756, -24522, 29345, -37755, -20641, -13084, -43391, -16026, 49220, -33444, -44449, -7294, -12852, 32339, -39131, 74887, 53514, 6533, 25935, 3030, 6468, -48195, -1638, 19987, 20561, -27352, -16238, -1899, -45444, -25637, -30520, -6004, -37027, 28562, -52211, 33089, 52643, -40828, 51939, 10784, -45842, -7174, -40873, 9191, -44165, 8708, 35895],
45: [23616, 4003, -11902, 8476, 37028, -6849, 23115, 17926, -49605, -40194, -28739, 17054, 30327, -59851, -37831, 40236, -43171, 26789, 53278, -9198, -9209, 24251, 47564, 12772, -7413, -29497, 38304, -5553, -8470, 6284, 35526, -44032, 15627, -40207, 5381, -54122, -12231, -9735, -13431, -19952, -55583, -52012, -23029, -21994, -4468, -25134, 42926, 2763, 10121, 51132, 8662, 26801, 13067, 47854, -57806, 49089, -18691, 26406, 25441, 35618, -17742, -38782, 19563, -37425, 11198, 26974, -42553, 7732, -13551, 44389],
46: [24131, -49262, 51993, -30368, 49250, -33960, -45439, -1760, -36699, -17401, -22858, 58725, 56047, 25345, 50688, 37794, 10452, -2433, 46147, 15837, 28475, -42264, -45163, -41426, -13420, 47141, -39534, -19458, -15815, -954, 40922, -26345, -28427, -12013, -63598, 18258, 7081, -6623, 260, 5817, 2950, -60279, -15325, -39762, 22323, -54543, 48707, -32757, -11247, 21172, -2694, 1472, -57240, -55522, 34118, 55677, 45551, 36070, 8157, 34137, 37774, -11250, 42154, -43922, -15548, -19017, 20323, 12711, 2615, -4775],
47: [-26575, 37414, -14519, -37881, 2557, 11715, 10745, 39027, -28250, 29203, 9650, -61594, -64408, -39907, -47478, -48482, 29348, 6357, 60913, 35003, 17616, 48379, -59330, -43586, -31267, 31210, 46610, 26420, 33809, 3363, 21259, 5661, 32173, -47155, 40918, -2198, -10870, 9506, -14746, 22542, 52742, 54537, -37378, 20091, 52798, 29954, -18582, -33477, 50791, 13945, -44743, -42813, -18962, 31695, -4023, -35984, -25677, -1904, -38304, -29475, 53091, 26066, -24037, -14153, -43500, 23561, -45654, 42558, -62396, -14735],
48: [-59682, 26892, 22289, 47834, 32581, 27346, 58385, -15355, -60068, 60564, 26375, 3310, -30715, 36686, 27212, 18600, -42940, -7092, 30338, -33060, 21431, -47781, -31531, -22623, 23452, 40534, 23097, -21397, -54402, -53967, 38246, -42629, 23565, -40557, -24112, -43206, -626, 45386, -56605, 52434, 43654, 26195, -53166, 15622, 48593, 49246, -35332, -820, 18995, -41048, -46986, 14946, -11055, -57963, 50465, 5305, 19720, 33320, -7537, -41430, -55588, -60695, -32830, -8545, 36288, -113, 33201, 10989, 10213, 26152],
49: [10434, 57846, 29472, -46418, -28141, -53681, 40261, 8031, 24803, 15872, -64054, 37051, 36716, -1870, -8094, 47060, -45454, -65303, -61244, 23236, 56854, -42446, -33055, -67981, 16005, -56109, 30834, -8201, 2574, 49261, 34707, -43239, -40582, -42492, -40464, 3205, 51156, 48134, -26226, 13733, 32959, 50173, 47062, -10324, -36470, 6742, -9516, -27755, 11734, -8513, -10329, 46171, 48500, 166, 8134, -4196, -6260, -27961, 12023, 36605, 44579, -17890, -13475, -44546, 24696, 43200, -41397, -21362, 49339, -39824],
50: [7736, -22978, -50141, 41370, 23637, -62033, 26658, -44553, 4479, 15673, -32529, -51914, -23630, -4194, 30454, -560, 47804, -49754, 33852, 36380, 7785, -3896, 30322, 36015, 35266, 64936, -46291, -14497, 3051, 50839, 3626, -8220, 50004, 36252, 8694, -382, -1811, -31548, -58991, -58766, -38912, 32604, -64955, -27410, 8497, -11525, -33034, -55295, 36679, 11859, -28445, -15225, -45234, -2323, 13706, 52072, -20804, 15924, -8422, -4983, 26562, -29899, 47947, -5100, 35259, -14354, 48448, 16572, 33705, -16191]
]#;